reset
Command 12
busy wait
Command 74
Data: 54
Command 75
Data: 3b
Command 01
Data: d3 00 00
Command 3a
Data: 18
Command 3b
Data: 05
Command 11
update
Data: 03
Command 44
Data: 00 0c
Command 45
Data: 00 00 d3 00 00
Command 04
Data: 2d b2 22
Command 2c
Data: 3c
Command 3c
Data: 33
Command 32
Data: a5 89 10 00 00 00 00 a5 19 80 00 00 00 00 a5 a9 9b 00 00 00 00 a5 a9 9b 00 00 00 00 00 00 00 00 00 00 00 0f 0f 0f 0f 02 10 10 0a 0a 03 08 08 09 43 07 00 00 00 00 00 00 00 00 00 00 00 00 00 00 00 00 00 00 00 00
Command 2c
Data: 3c b2 22
Command 4e
Data: 00
Command 4f
Data: 00 00
Command 24
Data: 00 00 00 00 00 00 00 0f e2 7f ff ff 7f 00 00 00 00 00 00 00 7e 32 78 40 1b fe 00 00 00 00 00 00 00 f2 39 b0 20 1f ef 00 00 00 00 00 00 03 92 3f f0 14 15 ff 00 00 00 00 00 00 07 92 37 f0 0e 3f ff 00 00 00 00 00 00 06 92 33 f0 1b 3c ff 00 00 00 00 00 00 06 92 33 f0 0e 3b 7b 00 00 00 00 00 00 06 92 36 f0 14 7b 7f 00 00 00 00 00 60 06 92 3c 70 20 64 ff 00 00 00 00 00 b0 06 92 36 f0 40 5b ff 00 00 00 00 00 f0 06 92 33 f0 80 5b ff 00 00 00 00 00 f0 06 92 33 f1 00 67 bf 00 00 7f 80 00 60 06 92 37 f2 00 7f fd 00 01 80 60 00 91 86 92 3f f4 00 39 df 00 02 00 18 00 02 c6 92 30 38 02 96 ff 00 04 00 06 00 03 c6 92 30 30 06 d6 f7 00 08 00 01 00 03 c6 92 30 30 f1 19 ff 00 10 00 00 80 01 86 92 73 79 fd 1f ff 00 20 00 00 40 02 46 92 74 fb d9 1f bf 00 20 00 00 20 00 06 92 74 cb fd 1e ff 00 40 00 00 10 00 06 92 73 7b d9 17 ff 00 40 00 00 10 00 06 92 70 79 fd 1b d7 00 40 00 00 10 00 06 92 36 30 f1 1f ff 00 80 00 00 08 00 06 92 39 30 06 df 7f 01 00 00 00 08 00 06 92 39 70 02 9f ff 01 00 00 00 04 00 06 92 36 b0 00 1b f7 01 0f ff ff ff ff fe 92 30 b0 00 1f ff 01 08 00 00 00 00 06 92 36 70 00 1f ff 01 08 00 00 00 00 06 92 39 30 00 1e df 01 08 00 00 00 00 06 92 39 7c 00 1f f7 02 08 00 00 00 00 06 92 36 bc 00 19 ff 02 08 00 00 00 00 06 92 30 b2 00 36 ff 02 08 00 00 00 00 06 92 33 71 80 36 ff 02 08 00 00 00 00 07 92 34 b1 80 39 f7 02 08 00 00 00 00 00 92 34 b0 40 3f df 04 08 00 00 00 00 00 f2 37 70 30 37 ff 08 08 00 00 00 00 00 7e 38 78 30 7c fe 10 08 00 00 00 00 00 0f f0 3f ff fb 7f 20 08 00 00 00 00 00 01 e0 1f ff eb 7f c0 08 00 00 00 00 00 01 01 01 6b 7c ff 00 08 00 00 00 00 00 00 00 00 6c e7 ff 00 08 00 00 00 00 00 00 7e 01 b4 db df 00 08 00 00 00 00 01 01 3f 02 63 5b f7 00 08 00 00 00 00 00 00 01 82 78 67 ff 00 08 00 00 00 00 00 00 00 c1 a5 ff 7f 00 08 00 00 00 00 00 01 01 61 26 5b ff 00 08 00 00 00 00 00 00 1f fe 3a 7f 7d 00 08 00 00 00 00 00 00 0f ff 21 bf df 00 08 00 00 00 00 00 00 03 01 a0 1b ff 00 08 00 00 00 00 00 00 06 00 e0 1f ff 00 08 00 00 00 00 00 00 7c 00 60 1b ff 00 08 00 00 00 00 00 00 f8 01 ff fe ff 00 08 00 00 00 00 00 00 00 03 ff f7 bf 00 08 00 00 00 00 00 00 00 7e 23 3f ff 00 08 00 00 00 00 00 00 00 fc 26 36 ff 00 08 00 00 00 00 00 00 00 00 2c 3f fd 00 08 00 00 00 00 00 00 00 00 20 19 ff 00 08 00 00 00 00 00 00 00 00 20 1f ef 00 08 00 00 00 00 00 00 00 00 20 1f bf 00 08 00 00 00 00 00 00 00 00 20 3e ff 00 08 00 00 00 00 00 00 00 00 20 37 fd 00 08 00 00 00 00 00 00 00 00 20 3b df 00 08 00 00 00 00 00 00 00 00 20 3f ff 00 08 00 00 00 00 00 00 00 00 20 7f 7f 00 08 00 00 00 00 00 00 00 00 20 7f ff 00 08 00 00 00 00 00 00 00 00 20 fb ef 00 08 00 00 00 00 00 00 00 00 20 ff fb 00 08 00 00 00 00 00 00 00 00 20 ff ff 00 08 00 00 00 00 00 00 00 00 28 fe df 00 08 00 00 00 00 00 00 00 00 24 bf ff 00 08 00 00 00 00 00 00 00 00 32 ff ef 00 08 00 00 00 00 00 00 00 00 3f ff ff 00 08 00 00 00 00 00 00 00 00 32 ff ff 00 08 00 00 00 00 00 00 00 00 24 ff ff 00 08 00 00 00 00 00 00 00 00 28 df df 00 08 00 00 00 00 00 00 00 00 20 f7 ff 00 08 00 00 00 00 00 00 00 00 20 ff ff 00 08 00 00 00 00 00 00 00 00 20 7e ff 00 08 00 00 00 00 00 00 00 00 20 7f ff 00 08 00 00 00 00 00 00 00 00 20 7f ff 00 08 00 00 00 00 00 00 00 00 20 6f ff 00 08 00 00 00 00 00 00 00 00 20 3f d7 00 08 00 00 00 00 00 00 00 00 20 3f ff 00 08 00 00 00 00 00 00 00 00 20 3f ff 00 08 00 00 00 00 00 00 00 00 20 3f 7f 00 08 00 00 00 00 00 00 00 00 20 1b ff 00 08 00 00 00 00 00 00 00 00 20 3f 7f 00 08 00 00 00 00 00 00 00 00 20 3f db 00 08 00 00 00 00 00 00 00 00 20 1b ff 00 08 00 00 00 00 00 00 00 00 20 1f ff 00 08 00 00 00 00 00 00 00 00 20 1b ff 00 08 00 00 00 00 00 00 00 00 3f fe ff 00 08 00 00 00 00 00 00 00 00 3f f7 bf 00 08 00 00 00 00 00 00 00 00 23 3f ff 00 08 00 00 00 00 00 00 00 00 26 36 ff 00 08 00 00 00 00 00 00 00 00 2c 3f ff 00 08 00 00 00 00 00 00 00 00 38 7f bf 00 08 00 00 00 00 00 00 00 00 30 7d ff 00 08 00 00 00 00 00 00 00 00 20 7b ff 00 08 00 00 00 00 00 00 00 00 20 df bf 00 08 00 00 00 00 00 00 00 00 20 ff ff 00 08 00 00 00 00 00 00 00 00 20 ff ff 00 08 00 00 00 00 00 00 00 00 20 b6 ff 00 08 00 00 00 00 00 00 00 00 21 ff df 00 08 00 00 00 00 00 00 00 00 21 ff ff 00 08 00 00 00 00 00 00 00 00 21 bf 7f 00 08 00 00 00 00 00 00 00 00 21 f7 fb 00 08 00 00 00 00 00 00 00 00 21 7f ff 00 08 00 00 00 00 00 00 00 00 21 fd ff 00 08 00 00 00 00 00 00 00 00 21 7f df 00 08 00 00 00 00 00 00 00 00 21 f6 ff 00 08 00 00 00 00 00 00 00 00 21 bf ff 00 08 00 00 00 00 00 00 00 00 21 ff ff 00 08 00 00 00 00 00 00 00 00 20 bf ff 00 08 00 00 00 00 00 00 00 00 20 f7 6f 00 08 00 00 00 00 00 00 00 00 20 ff ff 00 08 00 00 00 00 00 00 00 00 20 ef ff 00 08 00 00 00 00 00 00 00 00 24 7f 7f 00 08 00 00 00 00 00 00 00 00 32 7b ff 00 08 00 00 00 00 00 00 00 00 29 5f ef 00 08 00 00 00 00 00 00 00 00 3f ff ff 00 08 00 00 00 00 00 00 00 00 29 76 ff 00 08 00 00 00 00 00 00 00 00 32 3f ef 00 08 00 00 00 00 00 00 00 00 24 3e ff 00 08 00 00 00 00 00 00 00 00 20 17 ff 00 08 00 00 00 00 00 00 00 00 20 1d ff 00 08 00 00 00 00 00 00 00 00 20 1f ff 00 08 00 00 00 00 00 00 00 00 20 17 ef 00 08 00 00 00 00 00 00 00 00 20 1f ff 00 08 00 00 00 00 00 00 00 00 20 1e ff 00 08 00 00 00 00 00 00 00 00 20 3f ff 00 08 00 00 00 00 00 00 00 00 20 37 ff 00 08 00 00 00 00 00 00 00 00 20 3f bf 00 08 00 00 00 00 00 00 00 00 20 7a ff 00 08 00 00 00 00 00 00 00 00 20 7f ef 00 08 00 00 00 00 00 00 00 00 20 6f ff 00 08 00 00 00 00 00 00 00 00 20 7b ff 00 08 00 00 00 00 00 00 00 00 20 fe ff 00 08 00 00 00 00 00 00 00 00 20 db fb 00 08 00 00 00 00 00 00 00 00 21 ff 7f 00 08 00 00 00 00 00 00 00 00 21 ef ff 00 08 00 00 00 00 00 00 00 00 21 fd df 00 08 00 00 00 00 00 00 00 00 21 bf ff 00 08 00 00 00 00 00 00 00 00 23 6e ff 00 08 00 00 00 00 00 00 00 00 23 ff bb 00 08 00 00 00 00 00 00 00 00 23 5b ff 00 08 00 00 00 00 00 00 00 00 23 ff fb 00 08 00 00 00 00 00 00 00 00 22 f7 ff 00 08 00 00 00 00 00 00 00 00 23 bf 7f 00 08 00 00 00 00 00 00 00 00 21 ff ff 00 08 00 00 00 00 00 00 00 00 21 77 ff 00 08 00 00 00 00 00 00 00 00 21 dd bf 00 08 00 00 00 00 00 00 00 00 20 bf ff 00 08 00 00 00 00 00 00 00 00 20 ff 6f 00 08 00 00 00 00 00 00 00 00 20 f7 ff 00 08 00 00 00 00 00 00 00 00 20 dd ff 00 08 00 00 00 00 00 00 00 00 21 77 ff 00 08 00 00 00 00 00 00 00 00 21 7f 7f 00 08 00 00 00 00 00 00 00 00 3a 77 ff 00 08 00 00 00 00 00 00 00 00 24 3e ff 00 08 00 00 00 00 00 00 00 00 20 3b df 00 08 00 00 00 00 00 00 00 00 20 3f ff 00 08 00 00 00 00 00 00 00 00 20 1f ff 00 08 00 00 00 00 00 00 00 00 21 16 ff 00 08 00 00 00 00 00 00 00 00 20 1f ff 00 08 00 00 00 00 00 00 00 00 20 1d f7 00 08 00 00 00 00 00 00 00 00 21 1f 7f 00 08 00 00 00 00 00 00 00 00 20 1b ff 00 08 00 00 00 00 00 00 00 00 20 17 ff 00 08 00 00 00 00 00 00 00 00 29 1e bf 00 08 00 00 00 00 00 00 00 00 24 37 ff 00 08 00 00 00 00 00 00 00 00 32 3f ff 00 08 00 00 00 00 00 00 00 00 3f fd 7f 00 08 00 00 00 00 00 00 00 00 32 7f ff 00 08 00 00 00 00 00 00 00 00 24 6f ff e0 08 00 00 00 00 00 00 00 00 28 76 ff 10 08 00 00 30 00 00 00 00 00 20 5f df 0e 08 00 00 50 00 00 00 00 00 20 7f ff 01 08 00 01 a0 00 00 00 00 01 20 7b 7f 00 88 00 06 40 00 00 00 00 01 20 4f ff 00 48 3f 19 83 00 00 00 00 01 20 0f ff 00 48 40 e6 1d 00 00 00 00 01 21 0b 7f 00 48 80 58 62 00 00 00 00 01 01 1f ff 00 49 00 63 8c 00 00 00 00 01 01 1f ff 00 2e 00 4c 3f ff ff ff ff e1 01 37 7f 00 24 00 31 c0 00 10 04 80 03 01 3f f7 00 24 40 26 00 00 20 03 01 01 01 5e bf 00 24 00 38 00 00 40 07 81 01 01 f7 ff 00 24 70 27 c1 c0 89 07 81 01 01 ff ff 00 14 50 20 3e 20 86 05 81 01 01 de ff 00 1c 70 23 80 c0 8f 03 01 01 01 77 ff 00 04 00 3c 7f 00 8f 00 00 01 01 3f ff 00 04 40 26 00 00 8b 00 00 03 01 3b ff 00 04 00 31 c0 01 06 24 fe 01 01 1e ff 00 02 00 4c 30 06 00 18 7f 01 01 1f ff 00 01 00 63 8c 08 00 3c 01 81 01 0d df 00 00 80 58 63 08 00 3c 00 c1 00 0b ff 00 00 40 e6 1d 10 00 2c 1f f1 60 cf ff 01 00 3f 19 83 10 00 18 0f f1 e0 ff ff 01 00 01 06 40 10 00 00 18 00 30 da ff 00 00 01 01 a0 10 00 00 30 00 18 ff ff 01 12 01 00 50 10 00 00 63 ff ff ee ff 00 0c 01 00 30 10 00 03 c7 ff ff ff ff 00 1e 00 80 00 20 01 07 80 30 06 b7 ff 00 1e 00 80 00 20 00 00 00 60 0c fd ff 00 16 00 80 00 40 01 00 03 e3 f8 7f ff 00 0c 00 40 00 80 01 00 07 c7 f0 5f ff 00 00 00 30 01 00 00 00 00 00 00 75 ff 00 00 00 08 02 00 00 00 00 00 00 3f ff 00 00 00 06 0c 00 00 00 00 00 00 2f ff 00 00 00 01 f0 00 00 00 00 00 00 3f ff 00 00 00 00 00 00 00 00 00 00 00 3b ff
Command 44
Data: 00 0c
Command 45
Data: 00 00 d3 00
Command 4e
Data: 00
Command 4f
Data: 00 00
Command 26
Data: 00 00 00 00 00 00 00 00 00 00 00 00 00 00 00 00 00 00 00 00 00 00 00 00 00 00 00 00 00 00 00 00 00 00 00 00 00 00 00 00 00 00 00 00 00 00 00 00 00 00 00 00 00 00 00 00 00 00 00 00 00 00 00 00 00 00 00 00 00 00 00 00 00 00 00 00 00 00 00 00 00 00 00 00 00 00 00 00 00 00 00 00 a0 00 00 00 00 00 00 00 00 00 00 00 00 40 00 00 00 00 00 00 00 00 00 00 00 00 e0 00 00 00 00 00 00 00 00 00 00 00 14 a0 00 00 00 00 00 00 00 00 00 00 00 08 40 00 00 00 00 00 00 00 00 00 00 00 1c 00 00 00 00 00 00 00 00 00 00 00 00 14 00 00 00 00 00 00 00 00 00 00 00 00 08 00 00 00 00 00 00 00 00 00 00 00 00 00 00 00 00 00 00 00 00 00 00 00 00 00 00 00 00 00 00 00 00 00 00 00 00 00 00 00 00 00 00 00 00 00 00 00 00 00 00 00 00 00 00 00 00 00 00 00 00 00 00 00 00 00 00 00 00 00 00 00 00 00 00 00 00 00 50 00 00 00 00 00 00 00 00 00 00 00 00 20 00 00 00 00 00 00 00 00 00 00 00 00 70 00 00 00 00 00 00 00 00 00 00 00 00 50 00 00 00 00 00 00 00 00 00 00 00 00 20 00 00 00 00 00 00 00 00 00 00 00 00 00 00 00 00 00 00 00 00 00 00 00 00 00 00 00 00 00 00 00 00 00 00 00 00 00 00 00 00 00 00 00 00 00 00 00 00 00 00 00 00 00 00 00 00 00 00 00 00 00 00 00 00 00 00 00 00 00 00 00 00 00 00 00 00 00 00 00 00 00 00 00 00 00 00 00 00 00 00 00 00 00 00 00 00 00 00 00 00 00 00 00 00 00 00 00 00 00 00 00 00 00 00 00 00 00 00 00 00 00 00 00 00 00 00 00 00 00 00 00 00 00 00 00 00 00 00 00 00 00 00 00 00 00 00 00 00 00 00 00 00 00 00 00 00 00 00 00 00 00 00 00 00 00 00 00 00 00 00 00 00 00 00 00 00 00 00 00 00 00 00 00 00 00 00 00 00 00 00 00 00 00 00 00 00 00 00 00 00 00 01 11 11 00 00 00 00 00 00 00 00 00 00 88 88 88 80 00 00 00 00 00 00 00 00 00 44 00 44 00 00 00 00 00 00 00 00 00 0f ff c0 fc 00 00 00 00 00 00 00 00 00 00 44 44 44 00 00 00 00 00 00 00 00 00 00 88 88 08 00 00 00 00 00 00 00 00 00 00 01 11 11 00 00 00 00 00 00 00 00 00 00 00 00 00 00 00 00 00 00 00 00 00 00 00 00 00 00 00 00 00 00 00 00 00 00 00 00 00 00 00 00 00 00 00 00 00 00 00 00 00 00 00 00 00 00 00 00 00 00 00 00 00 00 00 00 00 00 00 00 00 00 00 00 00 00 00 00 00 00 00 00 00 00 00 00 00 00 00 00 00 00 00 00 00 00 00 00 00 00 00 00 00 00 00 00 00 00 00 00 00 00 00 00 00 00 00 00 00 00 00 00 00 00 00 00 00 00 00 00 00 00 00 00 00 00 00 00 00 00 00 00 00 00 00 00 00 00 00 00 00 00 00 00 00 00 00 00 00 00 00 00 00 00 00 00 00 00 00 00 00 00 00 00 00 00 00 00 00 00 00 00 00 00 00 00 00 00 00 00 00 00 00 00 00 00 00 00 00 00 00 00 00 00 00 00 00 00 00 00 00 00 00 00 00 00 00 00 00 00 00 00 00 00 00 00 00 00 00 00 00 00 00 00 00 00 00 00 00 00 00 00 00 00 00 00 00 00 00 00 00 00 00 00 00 00 00 00 00 00 00 00 00 00 00 00 00 00 00 00 00 00 00 00 00 00 00 00 00 00 00 00 00 00 00 00 00 00 00 00 00 00 00 00 00 00 00 00 00 00 00 00 00 00 00 00 00 00 00 00 00 00 00 00 00 00 00 00 00 00 00 00 00 00 00 00 00 00 00 00 00 00 00 00 00 00 00 00 00 00 00 00 00 00 00 00 00 00 00 00 00 00 00 00 00 00 00 00 00 00 00 00 00 00 00 00 00 00 00 00 00 00 00 00 00 00 00 00 00 00 00 00 00 00 00 00 00 00 00 00 00 00 00 00 00 00 00 00 00 00 00 00 00 00 00 00 00 00 00 00 00 00 00 00 00 00 00 00 00 00 00 00 00 00 00 00 00 00 00 00 00 00 00 00 00 00 00 00 00 00 00 00 00 00 00 00 00 00 00 00 00 00 00 00 00 00 00 00 00 00 00 00 00 00 00 00 00 00 00 00 00 00 00 00 00 00 00 00 00 00 00 00 00 00 00 00 00 00 00 00 00 00 00 00 00 00 00 00 00 00 00 00 00 00 00 00 00 00 00 00 00 00 00 00 00 00 00 00 00 00 00 00 00 00 00 00 00 00 00 00 00 00 00 00 00 00 00 00 00 00 00 00 00 00 00 00 00 00 00 00 00 00 00 00 00 00 00 00 00 00 00 00 00 00 00 00 00 00 00 00 00 00 00 00 00 00 00 00 00 00 00 00 00 00 00 00 00 00 00 00 00 00 00 00 00 00 00 00 00 00 00 00 00 00 00 00 00 00 00 00 00 00 00 00 00 00 00 00 00 00 00 00 00 00 00 00 00 00 00 00 00 00 00 00 00 00 00 00 00 00 00 00 00 00 00 00 00 00 00 00 00 00 00 00 00 00 00 00 00 00 00 00 00 00 00 00 00 00 00 00 00 00 00 00 00 00 00 00 00 00 00 00 00 00 00 00 00 00 00 00 00 00 00 00 00 00 00 00 00 00 00 00 00 00 00 00 00 00 00 00 00 00 00 00 00 00 00 00 00 00 00 00 00 00 00 00 00 00 00 00 00 00 00 00 00 00 00 00 00 00 00 00 00 00 00 00 00 00 00 00 00 00 00 00 00 00 1e 00 00 00 00 00 00 00 00 00 00 00 00 1e 00 00 00 00 00 00 00 00 00 00 00 00 10 00 00 00 00 00 00 00 00 00 00 00 00 00 00 00 00 00 00 00 00 00 00 00 00 00 00 00 00 00 00 00 00 00 00 00 00 00 00 00 00 00 00 00 00 00 00 00 00 00 00 00 00 00 00 00 00 00 00 00 00 00 00 00 00 00 00 00 00 00 00 00 00 00 00 00 00 00 00 00 00 00 00 00 00 00 00 00 00 00 00 00 00 00 00 00 00 00 00 00 00 00 00 00 00 00 00 00 00 00 00 00 00 00 00 00 00 00 00 00 00 00 00 00 00 00 00 00 00 00 00 00 00 00 00 00 00 00 00 00 00 00 00 00 00 00 00 00 00 00 00 00 00 00 00 00 00 00 00 00 00 00 00 00 00 00 00 00 00 00 00 00 00 00 00 00 00 00 00 00 00 00 00 00 00 00 00 00 00 00 00 00 00 00 00 00 00 00 00 00 00 00 00 00 00 00 00 00 00 00 00 00 00 00 00 00 00 00 00 00 00 00 00 00 00 00 00 00 00 00 00 00 00 00 00 00 00 00 00 00 00 00 00 00 00 00 00 00 00 00 00 00 00 00 00 00 00 00 00 00 00 00 00 00 00 00 00 00 00 00 00 00 00 00 00 00 00 00 00 00 00 00 00 00 00 00 00 00 00 00 00 00 00 00 00 00 00 00 00 00 00 00 00 00 00 00 00 00 00 00 00 00 00 00 00 00 00 00 00 00 00 00 00 00 00 00 00 00 00 00 00 00 00 00 00 00 00 00 00 00 00 00 00 00 00 00 00 00 00 00 00 00 00 00 00 00 00 00 00 00 00 00 00 00 00 00 00 00 00 00 00 00 00 00 00 00 00 00 00 00 00 00 00 00 00 00 00 00 00 00 00 00 00 00 00 00 00 00 00 00 00 00 00 00 00 00 00 00 00 00 00 00 00 00 00 00 00 00 00 00 00 00 00 00 00 00 00 00 00 00 00 00 00 00 00 00 00 00 00 00 00 00 00 00 00 00 00 00 00 00 00 00 00 00 00 00 00 00 00 00 00 00 00 00 00 00 00 00 00 00 00 00 00 00 00 00 00 00 00 00 00 00 00 00 00 00 00 00 00 00 00 00 00 00 00 00 00 00 00 00 00 00 00 00 00 00 00 00 00 00 00 00 00 00 00 00 00 00 00 00 00 00 00 00 00 00 00 00 00 00 00 00 00 00 00 00 00 00 00 00 00 00 00 00 00 00 00 00 00 00 00 00 00 00 00 00 00 00 00 00 00 00 00 00 00 00 00 00 00 00 00 00 00 00 00 00 00 00 00 00 00 00 00 00 00 00 00 00 00 00 00 00 00 00 00 00 00 00 00 00 00 00 00 00 00 00 00 00 00 00 00 00 00 00 00 00 00 00 00 00 00 00 00 00 00 00 00 00 00 00 00 00 00 00 00 00 00 00 00 00 00 00 00 00 00 00 00 00 00 00 00 00 00 00 00 00 00 00 00 00 00 00 00 00 00 00 00 00 00 00 00 00 00 00 00 00 00 00 00 00 00 00 00 00 00 00 00 00 00 00 00 00 00 00 00 00 00 00 00 00 00 00 00 00 00 00 00 00 00 00 00 00 00 00 00 00 00 00 00 00 00 00 00 00 00 00 00 00 00 00 00 00 00 00 00 00 00 00 00 00 00 00 00 00 00 00 00 00 00 00 00 00 00 00 01 00 00 00 00 00 00 00 00 00 00 00 00 04 80 00 00 00 00 00 00 00 00 00 00 00 12 40 00 00 00 00 00 00 00 00 00 00 00 1f e0 00 00 00 00 00 00 00 00 00 00 00 12 40 00 00 00 00 00 00 00 00 00 00 00 04 80 00 00 00 00 00 00 00 00 00 00 00 01 00 00 00 00 00 00 00 00 00 00 00 00 00 00 00 00 00 00 00 00 00 00 00 00 00 00 00 00 00 00 00 00 00 00 00 00 00 00 00 00 00 00 00 00 00 00 00 00 00 00 00 00 00 00 00 00 00 00 00 00 00 00 00 00 00 00 00 00 00 00 00 00 00 00 00 00 00 00 00 00 00 00 00 00 00 00 00 00 00 04 00 00 00 00 00 00 00 00 00 00 00 00 0e 00 00 00 00 00 00 00 00 00 00 00 00 0f 00 00 00 00 00 00 00 00 00 00 00 00 0f 80 30 00 00 00 00 00 00 00 00 00 00 0f 80 f0 00 00 00 00 00 00 00 00 00 00 0f c3 f0 00 00 00 00 00 00 00 00 00 00 0f ff e0 00 00 00 00 00 00 00 00 00 00 0f ff e0 00 00 00 00 00 00 00 00 00 00 1c ff c0 00 00 00 00 00 00 00 00 00 00 7c ff c0 00 00 00 10 00 00 00 00 00 01 ff bf 80 00 00 00 00 00 00 00 00 00 07 ff df 00 00 00 00 00 00 00 00 00 00 0f ff df 00 00 00 00 00 00 00 00 00 00 07 ff df 00 00 10 00 00 00 00 00 00 00 01 ff bf 80 00 28 00 00 00 00 00 00 00 00 7c ff c0 00 38 00 10 00 00 00 00 00 00 1c ff c0 00 10 00 00 00 00 00 00 00 00 0f ff e0 00 28 00 00 00 00 00 00 00 00 0f ff e0 00 00 00 00 00 00 00 00 00 00 0f c3 f0 00 00 00 00 00 00 00 00 00 00 0f 80 f0 00 02 00 00 00 00 00 00 00 00 0f 80 30 00 05 00 00 00 00 00 00 00 00 0f 00 00 00 07 00 00 00 00 00 00 00 00 0e 00 00 00 02 00 00 00 00 00 20 00 00 04 00 00 00 05 00 00 00 00 00 50 00 00 00 00 00 00 00 00 00 00 00 00 70 00 00 00 00 00 00 00 00 00 00 00 00 21 00 00 00 00 00 00 00 00 00 00 00 00 52 80 00 00 00 00 00 00 00 00 00 00 00 03 80 00 00 00 00 00 00 00 00 00 00 00 01 00 00 00 00 00 00 00 00 00 00 00 00 02 80 00 00 00 00 00 00 00 00 00 00 00 00 00 00 00 00 00 00 00 00 00 00 00 00 00 00 00 00 00 00 00 00 00 00 00 00 00 00 00 00 00 00 00 00 00 00 00 00 00 00 00 00 00 00 00 00 00
Command 22
Data: c7
Command 20
busy wait
